INDEX VERBORUM.

acceptissimus 111, 5.

accidere 70,11. -disse 43,19.
obstipe 51, 9. -cipere 33,91.
-ciperet 94, 1. 97, 91. 156, 4.
-ciperent 119, 5. -ceperit

144,1. -cepen‘nt 99,19. 111,
15. -cepisse 33, 14. -ceperant
99, 99. -cipitur 5919. -91-
piatur 43,15. 159, 99. -cipi
89, 15. 130, 91. -ciperctur 38,
14. -cipiendum 51, 4. -ccpta
134,15. 157,9. -ceptis 144,11.
149,1. 199, 91.
accommodasse consensum 95, 9.
accumulat 5, 91.

accusatio 38,15. 40,15. 106, 4.
-nis 4,15. 151, 4. -ni 131,19.
-11911111199111919 39, 93. -nibns
4, 91

accusator 45, 1. 53,15. 68, 5.
19391. 196, 5. -19 17,99. 39,
11. 196, ι. 136,15. 138,1. -i
35,11. 38,19. -911135,9. 73,
99. 107,1. -e 45,9.11. 114,15.
' 135,15.15.15. 151, 1. -99 38,
11. 43, 91. 69, 14. 71, 5. -11111
47,11. -ibus 40, 5. 48, 15.
51,15.

99911999 90, 5. -ant 4511. -are
51, 11. 130,11. 136, 11. -ante
90,15. 3419. 73, 91. 111, 4.
111, 19. -91111111145,91. -an-
tibus 37, 10. 190, 15. -abant
33, 14. 99. -arent 37, 5. -9911-
1119 44, 99. 90, 5. -avit 39, 9.
-91919119 94, 5. -99111 17, 94
-911 199, 5. 195,11. 137, 5. 91.
-ando 77,19. -919119111 115,
99. -atus 63,15.

acriter 99, 9. acerrimo spiritu
91,19.

acerbitas 158, 5. -19111 1,1.
omittere 90, 9. temperare
115, 91. -19 66,11. 86,11.
13911 149, 15. 153,1.

167

acerba 61,11. -ae 19,11. ·ius
13,1. 141,19. -issime 90, 9.
117,15.

99999119 defendere 89, 15. -9991
11199 ante 131, 95. -torum
1119916195. -119 89,14. 131,15.

99115 115,14. -nis 100,19.
-nem optinere 83, 11. -ne
97,9. -ncs 83, 10. adiuvare
98,15. impediuntur 103,1o.
adiuvare 1941. -1111111957,19.
96,15. 117, 99. 148, 34. 156,14.

actor 100,11. -19 100,15. -em
101, 14. 163,19.

actus 48, 39. rerum actus red-
ibat 103,11. 1199991995 19-
rum actu 103,1o.

aculeus 93,19. 99, 99. -1919,
14. 73,15.149,19.

acuta responsio 7,11. -to
105, o. 190, 95. 148,9. -issima
visione 49,15 -199111111111(1υλ-
λογιεμόνῖ) 7, 9. -1991111911119
sponsionem 144,15. -issime
60, 91.

ad 1‚11. 9, 9. 3,15. 15. 4, 91. 19.
6,19.99. 7, 5. 8,11. 9, 99. 10,
19. 11, 5. 15. 13,1.91. 15,1. 9.
95. 55. 17, 5. 9. 13191991. 19,
1. 15 15. 30, 99. 31, 5. 15. 15. 33,
15. 94, 5. 15. 11. 14. 9591. 15. 35,
19. 96,19. 15. 97, 15. 98,19. 50.
39, 15. 31, 95. 91. 33, 95. 91. 33,
15. 34, 9. 91. 35,19. 37, c. 11.
38,11. 15. 3991. 40,1o.15. 41,
4. 91 49, 19. 15. 44,1.11.95.91.
45, 9. 99. 46, 1. 19. 91. 99. 47,5. 9.
48,15. 49,1. 15. 50, 91. 91. 61,
1. o. 15. 53, 15, 15. 54, 9. 19. 57,
nQanmffiwc
10. 63, 15. 11. 64, 1. 5. 65, 15.
66,1,9. 95 67, 91. 69, 5. 70,15.
71, 5. 99. 73, 91. 74, 9. 911. 15.
11. 19. 99. 91. 75, 5. 77, 19. 11.
78, 15. 37 8191191. &dmm
bb,4.15. 39991119 311139-

 

