lffi

fflwfflmeQm
145, 25. 142,12. 183,11. 16411.
-cimus 10, 22. 59,11. 75,11.
-1111 41,11. -111 1,11. 25,11.
45, 2. 71, 2. 100,11. 114,11.
111 111111111.
139,11. -1111 10‚22. 231241.
30, 0. 39,1. 41,1. 81,11. 84,1.
111111ωω11
iusiurandum 139,11. 149,11.
160, 5. -1111 9,11. 16,11. 26,
10. 49,14. 67,14. 127,11. 133,
11. 142,11. 148,11. -1111114,
11. -111111 1111111011117,14,
-1111111 60,14. -11111 11111-
monium 82, 24. 144,15. 0211·
1111 144,11. -111111111 0011-
111155,111126,1. -02b2m
81,1. -11111 137, 2. -cebant
41, 4. 71, 11. 100,11. -11111
causam 19,5 11 20,14. 2111.
testimonium 47,14. 77,11.
121,14. testimonium 124,14.
111,11. 158,11. -111111 11111-
monium 21, 4. 22, 18. 76,14.
91, 2. -111111 81, 11. 164, 4.
-111111 111 55, 20. 88, 22.
-1111111111154,10. -111111
11111 causam 73, 22. -xi 11111-
monium 7,1111 11, 10. 154,11.
-111111111111011111 7, 2. -115
5,1. 10. 23, 21. pro 1111111111
26, 11. 22. 30, 2. 33, 20. 36, 11.
88, 22. 62,11. 71,1. 11111711.
88,22. 02,11. 07,1. 98, 28.
115, 1. 119, 11. 121111. 142,1.
143, 7. 147, 22. 113, 4. 1111111
119, 25. -ximus 1812. 22, 20.
28, 4. 86,11. 110, 2. 126, 24.
1515. -111111124,10. -11111
6,11. 17,11. 21, 22. 50, 20. 57,
12. 71, 11. 121, 15. 132, 21.
-111111 1111111111 27,.11. 50,
22. -xisse 1, 2. 11, 21. 22, 14.

«51),11 1111111111 70,11. 127,
18. 135, 5. 144, 15. -xerat 10,

INDEX VERBORUM.

20. 2414111. testimonium
58,14. 86, 2. 1111111 123, 21.
128, 1. causam 137,11.145,1.
sententiam 152,15 11 11. 20.
-111111 testimonium 28,15.
-111 88, 2. -111111 4,1. 111-
sam 0211. 88, 2. 183,15. 134,
5. 20. -0itur 39,1. 49,11. 17,
11. 92,11. 8111. 100, 10. 127,
11. 135, 24. 153,20. -cuntur
22, 24. -cantur 43, 2. -ci 6,
1ο. 48, 2. 9111. 114,11. 117,
21. 144,11.147,11.148,1. 164, 2.
-cebatur 32, 11. 10311. 118,
12. 152,11. -11111111 88,12.
100, 11. -1111111 sententia
70,11. 94,11. 16211. -11111-
111 137, 2. 155,14. -cendum
1111 62, 4. -00ndum 11111111-
nium 45,2 11 11,1. -cendi
111. 147, 25. forensi genere
159, 22. -1111111111110111 22,
1015. 42,10. 19,1. 8111. 117,
11.130,14. 137,11. 144,10. 146,
11. 147, 12. 104, 21. -cendis 11-
11111111 311. -111111111111
159,11. -1111 1114,11. -111
111 sententia 9,1ο. dies 27, 4.
-11111 111 48, 0. 8111. 25, 2.
103,11. 116,11. 121, 20. 4-111
1111 6,11. 148, 22. -cta 111
sententia 51, 25. -11111 111
20, 22. 131, 24. -111 sint 148, 5.
-111 114,1. 141,11. -11111
Μ11ῃ

dictum 10111. -o 13411.
147, 22. -11135,1ο.
diducens 77, 1. -xit 32, 22.
dies diota 111 27, 4. 78,·11.
1ω1111111
44, 2. 04, 5. per 05,12. dixit
79, 2. supremum 11111 functus
111 84,10. 104, 5. supremum
11111 1111111 104,11. 13311.

152, 4. -1 21,1. 711. 8111.
,11111881 -111118111111

 

