INDEX VERBORUM.

vindicare 8, ro 11 11. 14. vindi-
care 9,1. 13,14.12. 14,11. 15,
1. ιο. 16,1. 99,11. 91,11.98,1
vindicare 20, 2. 8611. 22.,1.
vindicare 48, 22. conscius 42,
1111. 53,11. vindicare 11.
57,11. 1911. 71, 11. 74, 1.. 11.
77,11. 79,11. 81,11. 22. uideri
ss. 83,11.22. 8411. 90, 1. 93,
11. 98,11. male conscius 109,
11. 10411. 101, 11. 109,11.
113, 11. 114, 11. 115,11. male
conscius 116,11. 117,11. 190,1.
193,11. 191,11. conciliare 22.
24. 13011. vindicare 131,1.
131, o. adiudicare 149,11. vin-
(111111141111. 147,11. 1481.
149,1. 21. vindicare 150, 24.
deposcere 151,1. 11911.
153, 24.
secessisse ab oculis civium
9,11.
1111111 domus: intra 161, 22.
-tioribus litteris 110,1.
sectae Stoicae 95,11. bonae
107,11.’
sectatores Pythagorae 116,11.
sectores 3,11.
1111111791. -o 69,1. 91,11.
1111111111 prosperius 137,11.
secundum 9,11. 22, 22. 39,1. 24.
mmmmmmmmm
11. 109,11. 10311. 114,11.
199, 22. 128,12. 199,1. 135, 22.
13811, 14311. 141, 11. 146,11.
mammmm
securitatem vitae habere 158,
14 -te 39,1.
securo iudicio 97,11.
sed 2, 4. 11. <3,11.> 4,1.1.11.
6,11. 6,11. 7,1. 8,11. 10,11.11.
11, 212. uon tantum 19,1. 13,
1111. 14, s. 16, a. 21. 17,11.
18, s. 1911. enim 90,1.11. 99,
11. 93,11. *94,1. 11. 97,11.11.
ao. 98, a. 99,1.11. 30,1.1. 11. 11.

Α 245

9111. 11. 36, 1. enim 37, 24.
38, o. enim 40, 1. 24. 41, 14. 42,
11. 44, 11. 46, 4. 14. 47,11. 48,
1η181ω1ω1
11. 11. 69,1. 6011. 61, 4. 12.
11111 69,1.16. 63, s. 6411.
35,1. 67, 2. 11. <69,1.> 70,1.
mmawmwmffim
80, 1. enim 89, 14. 11. 87, so.
88,1. 89, ro. 11. 90, 22. 93, 21.
95,1.1. 97,11. 98, 11. 11. 100, 4.
uon tantum aed etiam 101,
o.12. enim 104, 11. 10611.
107,1. 1. 117,11. enim 190,11.
11. 191,11. 199,11. 193,11.
1941111. 1111119611. 197,
11. 198,1. 139,1. 134,11. 137,
11. 14911. 11. 14311. 148, 1. s.
21. 1191. 114, 11. 12. 155, 11.
167,11. 168, o. 160,11. 164, 22.
1111111111111.
seditio movetur 191,11. -111
impetus 90,15. 10111. -nem
61, so. 11196,111139,1111
155,11. -nibus flagrantibus
61,11.
seditiosae actiones 83,11. mul-
titudinis 118111. dimicationis
149, 1. -orum 111111117311.
manus 155, 16. -01 139, 91.
-1 35,11.89,11.134,11. -1111-
mum tempus 117, 22.
sedulitate 111111111167,11.
segnius 13911.
seiungi 99, 6. -netum 11111.
semel 30,11. atque iterum 59,1.
156,11.
semina quaestionum 74,11.
semet ipsum 9911113411.
ipso 114, ro 11 148,11. ipsum
149,11.
semper 4911. 1911. 67, a.
mummmm
senatoris 31, s. -i 13811.
-em11,14. -e 126, ao. -es
6,1. 1811. 34,11. 10411. -um

 

