258

13. 15811. 15815. 16813.
1151111183. 1151111815.
1181. 14811. -7155111 3, 7.
81. 88, 5. 8813. 3811, 40, 5.
44,15. 50, 31. 5811. 8811. 89,
115. 1085. 11811. 11811.
18815. 184, 5. 18815. 13813.
139, 11. 140, 7. 15. -71511111
381. -71511111 381. 6815.
115, 5. 187, 5. 15817. -deri
5, 4. 813. 815. 1815. 11, 13.
1811. 81, 5. 3815. 481515.
53, 5. 5813. 6815. 681. 68,
15. 785. 7817118115. 8811.
8815. 1081. 11811. 118111.
138, 5. -715511711 4, 5. 8811.
30, 55. 3817. 58, 7. 7811. 15.
73, 515. 7815. 81, 17. 885.
8818815. 1081. 1181119,
14. 188115. 13815. 14815.
14813. 14811. 1481315815.
15817. 15815. 15817. -de-
5111711881. 885. 9815113,
’11. 14814. -11515111 811. 87,
17. 4811. 84, 5. 8811. 8811.
9815. 1085. 10815. 1881.
18814. 18815. 131, 15. 1383.
14815. 14814. 14815. 14815.
15815. donentur 481. 181,
15. 16815. -1555115 11, 15.
-debitur 51,5. 8813. -sus 551
815. 884. 8813. -sum 551
19, 55. 685. 8817.
7151111151 811. 1815. 3815.
3815. 59, 5. 5813. 131, 15.
13815. -tissime 1815. 7811.
10815. 18815. 18815.
ΧΧ11115<139,11>. 8815.
vigoris pristini exempla 74, 3.
-em animi 1081. constantiae
1685. -5 animi 985. duritiae
133, 5. 5511511115 14815.
vilicum 8815.
7711551151 1811. 8811.
711511 duci in 11815. vid.
555555 Vincula.

INDEX VERBORUM.

vicii 1085. 11817. -15515111
8815. -5155 5555 4815.
-5115 9815. -5115 103, 3. 5.

vinculis: necari in 4811. nid.

etiam 711511.

vindicet sibi 811 et 9,5 et 30, 3.
-115 sibi 815. 33, 7. 515148,
15 -111115111 5815. -1711
sibi 1485 51 15815. -1751111
sibi 5815. -115111715 83, 35.
-11715 sibi 1381. -5115 7813.

violentia asperitatis 8831. -15
811. 11811. -am 11815.
158, 3.

71511555 817.

vir 8815. 9811. 38, 3. 11811.
consularis 130, 1. 15. 13. 1485.
consularis 14813. -1 8811.
3815. 685. 8815. 9815.
1181. 13831. 14811. -517,5.
9815. 9811. -um 8815. 133,
15. 155, 5. 1581111. -orum
1081. 13817. -15 885. 8811.
3811. 585. 1181. (XX) 139,
11. 15815. -55 8815. 5811.
1881.

115115575511155801 981115.

virili 8815. -emz togam 1183.
-1151 91, 11.

7111111485.

11515181. 3313. 781. 157,
13. -111115 11, 1. ingenium 55-
brino 26,1. 84,11. insignia
85, 3. 8815. 9815. 98115.
1081. ρ1155111111148,11. spe-
5111151 14815. -111511 811.
4,1. 381. 783. 9811. 1881.
-1115 181. 381. 883. 107,
14. 111,11. 133, 28. 14815.
-171155 13815. -171115715 1813.
13815.

1715 6811. 77, 4. oratoria 9815.
13815. 711185. criminationis
5115154811. 55155151111550,3.
58, 5. 58, 15. 6811. 69, 15. 17.
7815. 78, 5. 89, 3. 117, 15.

 

