ι11111111 1111111111.

si 1, 14. 19. 11. 11. 7, 11. 19. 10, 94.
11, 19. 91. 15,1. 16, 99. 19,11.
20,11. 221. 24,11. 3211. 35,
11. 38,11.11. 40,1. 43, 9. 14.
46, 11. 11. 48, 11. 43,11. 13, 11.
QQOQmmmm
19. 7211. 80, 1. 81, 11. 11. 83,
1ο. 87,11. 8211. 3211. 11. 100,
11. 103,11. 115,1. 119,11.
130,11. 13211. 134, 99. 135,
94. 95. 1421. 143, 99. 144, 99.
14111. 148,1. 16211. 153, 1.

111 21111. 8,11. 14,11. 13, 4.
30, 11. 45, 11. 58, 99. 74,11.
76,11. 81, 4. 8211. 88,1. 90,
1. 9. 101, 11. 10211. 116, 1.
118,11. 124,11. 127, 1. 130,
11. 11. 13211. 136, 11. 140, 11.
14211. 144, 99. 148,11. 1121.
156,1.

sicubi 8211.

1111111521.

significatio 101, 11. -nibus
100, 99.

significat 15,11. 16,1. 2211.
2211 24,11. 40,11. 41,1. 47,
11. 81, 1. 3211. 100,11.104,1.
101211. 11211. 12211. 13211.
13111. 13211. 1421. 1521.
158, 1. 161, 19. 19. 1621. 165,
1. e. -115,11. -111 4,11. 25,
QOQQOQm
90,11. 130,11. 131,1. 133,
Ὶ11. -111 110,1. -areb 23, 99.
2211. 1524. -aturus 6211.
-abur 73, 1. 33, 1. -ari 66,11.
131,1. 14211. -arentur 100,11.

signare instrumenta 46,1.
-111111 111111111111111 8211.

sigua 4,1. 46,1. edere civis
1621. -orum 1, 99. -is 4,11.

silentii merces 164, 99. -o
praeterire 111, 9.

similis 3111. -92 monstri
18,1. -11 3,11. -11 89,1.
-ibus 33,11. -111141,1. 43,1.

242

{3319 11111. 155, 9. -limam
, 9.

similitudinem 8211. describere
ad beluae 151,1s. -na 321.

simplex 70,11.

simul 4,14. 11, 4. 26, 91. 3211,
58,11. 74,11. 116, 1. 131, 1.
149, 4. 151, 11. 156, 1.

simulacrum 3,1. 4,11. 15,11.

simulatione 111.

simulat 12214. -111111105,11.
simultates 11211.

sine 1,1. 6,1. dubio 1111111
ct 1211. 20,11. dubio 21, 99.
25,11. dubio 30,9 11 56,1. 61,
14. 721, 73,11. dubio 1111
75,11 1176,11177,111181,11
et 83, 91. 35,1. dubio 37,1 ct
100, 9. ,101, 1. dubio 14 et 105,
11. 107,11. (1111111021. 116,
19. 121,1. 134, 1. dubio 136,1
et 1321111 140,1.11. 141, 99.
dubio 150,11. 164, 1.

singulari 1111111138,171192,11.
-111170,11.

singuli 34, 9. ·orum 20, 9. 48, 3.
-11 35,1. 70,11. -ο1 33, 99.
87,11. -11 4111.

sinebant 119,1.

1111111363.

sive 15,11. 66,1,11. 103,11. 117,
10. 138, 99. sive - sive 23, 11.
11. 39, 11. 11. 11. 58, 11. 70,1. 9.
115, 1. 1. 153,1.

sobriae virtutis ingenium 26, 1.
11111 101, 11. 106, 90. .
socialis belli 13,11. -1 bello
153, 1 ci 11211.

societas veiorum 104,1. publi-
canorum 123,11. 133, 9. -batis
iure 7211111111 94,11. -11-
bem suam sermoni adfingere
134, 11. -11111 in 48, 11.
alienaris. 921. publicanorum
11111.

 

——

