INDEX VERBORUM.

..—·--

1 1, 2. 1,1. 8,4. 9,11. 10,11.
11, 11. 16, 11. 19, 11. 10, 1. 14.
16,1. 21,1. 19,14.11. 31, 0. 12.
39,11. 42,1. 46,1. 46,11. 1111.
60,14 (erratum). 62,1. 1164,
11. 66, 1. 68, 1. 14,11. 111111.
81, 22 81,11. 81,1. 90,11. 91,
14. 94,11. 11. 911. 99,11. 100,1.
103,14. 106,11. 101,11. 111,1.
412. 112, 2. [4] 118,11. 120‚2.
1121,1.113,1. 114, 22. 128,22.

22. 130,11. 131,1.11.<136,1.>
131,1.1. 136,11. 139,11.141,

22. 1442. 148,10. 20. 149,1.
166,1. 11111. 22. 160,11.
163, 4.

ab 3,11. 2, 4. 1,14. 9,11. 10,11.
12,12. 14,12. 16,14. 20. 16, 4.
11. 19,11. 10,11. 11,1,1.1.
22, 1. 11. 13,11. 21. 11,11. 11.
28, 111. 30,1.11, 31,1. 32, 2.
39,11. 40, 11. 11111111. 41,
11. 41,11. 43,1. 411111 49,
stfflananQ
22. 66,11. 51,11. 58,11. 6111.
61,1. 6311. 68,12. 69,12. 10,1.
11,11. 13,1. 81,11. 83,1.11.
84,11. 82, 11. 90, 11. 11. 24,1.
11. 96,11. 96,1. 101,11. 102,
11. 103,11. 106,11. 106,11. 109,
1. 11. 11. 110, 4. 116,11. 116,14.
11. 118,14. 12. 112,12. 110, 11.
20. 121, 2. 121,11. 12. 11111.
<124,10.> 125, 2. 116,11. 111,
12. 11111, 133,11, 134,11.

136,4.14. 136, 11. 11. 138, 24
140,11, 141, 2. 11. 11. 144, 11.
141,1. 111, 11. 21. 22. 161,11.
1111. 111, 21. 122, 22. 1111.
abductum 13,1.

abhorret 1 fide 29,14. -rere a
169,11.

abicit 12, 20. -ciat 14111.
4111116111. -1111 accipere
pro 61,4, -001 hominis 126,1.
abrogata est 19, 6.

absens 2211. 46, 11. 116,11. 109,
11111. -tem 61,14.
absentiae 102, 22.

absolverunt 21,11. -verant 161,
10. -vi 63,11“. -vondi sint
14,11. -utue est 26, 24. 64,1.
-utus sit 11,11. -utus 3,11.
2112. 11. -111 21,11. -utus
fuerat 1111. 1111.
absolutione 11, 21.

absolute purgare 1111.
abstinerent 10,1. -uerit 2212.
11111111.

absurdum facere 50, 22.
abundantissime dilatare 69, 11.
11 4, 11. 10,12. 22, 14. 30, 11.
41,1. 63,1. 61,11, 11,11. 80,

11. 83,11.<11,> 96,1. 111,11.
126,14. 138,11. 139,11. 141,
1222. 141, 1. 146,1. 146,11.
163, 11. 161, 11.

accedit hue 22, 1. 143, 11.
-111 11 46, 1. -ente 84‚22.
-ebat hne 20,11. -ehnnt 119,11.

 

