INDEX VERBORUM.

decipere 1811. 11,11. 137,1.
criminis 20. 11113111..

1111102411.

1110 7,11. 8,1.10. 11,11. 10,11.
11, 11. 18,1. 31,14. 40,1. 44,1.
46,1. 51,11. 66,11. 6711. 68,1.
69,11. 66,11. 66, 21. 71,10.
83,4. 89,·1. 91,1. 1001410.
106,11.11. 107,14. 110,4.11.
112, 5. 114,10. 118,10. 119,1.
121‚29. 111, 14. 126, 19. 117,1.
128, 1. 11. 11. 130,1.11. 137,1.
14111. 147,11. 160,11. 1621.

versatum 1111 115,11.

11111 1111 15,11.

versiculis 164, 25.

versuram facere 14,1 et 49, 9.

111111 100,11. 11111101164,11.
165, 2. -sum 101,11. -sibus
101, 1. 9. 14411.

verum: non 1111111111 —etiam 2,
11. 6,11. 14, 91. 21, 9. 20. 24, 9.
1011111111-
10. 37, 22. nonianium—eticm
39, 19. 40,11. 63, 0. non m0d0
-11111168,11. 69,11. 76,11.
8411. 1011111111-11111191,
11. 92, 22. 1011111111-111111
97,1. 101, 16. non 11111111-
1111111 106, 1. 106,11. 110,11.
113, 2. 117,11. 1011111111-
1111111 1111119 118, 10. 119,1.
136,1.11. 149,11. non 11111111
-etiam 151,1 et 163,1. non
solum — 111111 160,1.

vera: 10 85,11 et 100, 1. <11>
10111. re 148,11. —um 90,1.
-11 46,11. -1 11, 20. 48, 20.
68,1. 13110. 146,10. -111
161, 25. -ioribus exemplis
65,1. -11111101 9,11. -1111111
mc

11111411.

111611 143,11.

vestibulo 109, 11.· 166, 2.

vestigia 72, 1.

Scholia Bobicnsic 0111110111111111.

1111113410. 36, “

27

vestis 1111111110 56, 22. -1121,1.
11111111 habitus 96,11.

veteris 10,11. 13,11. 68,1. -rem
znwmcmcwmp
·re 69,1. -111 41,1. 76,11.
111111111
-ribus 10,1. 70,1. 21.

vetustatis rigor 4,1. dignitas
13,11. peritiores 140, 29. eru-
endae 141,1. -11111 exempla
prolata dc 6, 9.

1111111 70,11. -1 loqui 69,11.
111111 106, 20. -111 11111111
mc

via Appia 61,11. 80,1. -11
Appiae 72,11. -cm Appiam
102‚<20.>20.

vicem testimonii conferre in .

131, 4. cedere in testimonii
7,11. -01 11111 16,11.

vicinia 87, 4. 101,11.

vicinitate 67,1.

11110113,1. 58,.4 113,11. 161,.1
-ribus 1110.

1101011111111111111185,11.1111-
(11011111.11111111,11. spes
147,11. -11111,1. 11,10. 27,
14. 16. 63, 2.

victus 1101111111 110, 2.

videlicet 4,11. 16,11. 19,11. 27,
11. 31,1. 999. 44,1. 66,14.
56,11.68,11. 68,1. 1021. 104,
14. 113,14.121,14. 114,11. 126,
11. 13111. 16911.

videmus 6,11. -debci 68,10.
iiibimm 70,1. -disse 5,11.
, .

1111111111. 4,14. 13,11. 21,14.
13,1. 14,1. 16, 4. 18,11. 30,1.
39,11. 46,1. 48, 20. 64,11. 66,
14 60,10. 72,11,73,11.74,11.
831187113119011961.
97,1 981110011 10111

13011 13411181 1311

11. 1411 144,11 441, 1 1111

11

 

