202

20. discutere 4219. 76,1. 130,

33. 132, 33. -113 6133.

suspicari 16, 21. 62, 20. 67, 6.

«aretur 16, 2. -3133 66, 11.
sustentatus 331 126,13.

sustinent sepulturae 3113333167,
36. -113331331133 3113331 116,
16. -3131333 fortunam lugu-
brem 96, 22. -11333111113113131-

monio 41, 2.
31113333 42,13.

suus 96,10. 122, 21. -3 29,1.
31,3. 3313. sponte 62,313. 3....
63, 14. 66,13. 22. sponte 61, 3.
61,.3 66,13.13. 691333 92,
11. 34,,3 101, 19. 102,3.103,

31. 116, 33. 141, 20. 164 31

166,13.169,.3 132, 33. -um
11,1.34,.3144,.13 60,.3366,3.
67,1. 66, 3, 73, 33. 60,11. 96,
33. 99,36.100,3. 113,11.127,1.
139,13. 149,1.162,3. sui 9, 31.
13, 3, 16, 91. 12, 20. 21, 29. 26,
33. 27, 22. 94, 22. 44, 3. 60,13.
61,3,13. 66,1. 73,33, 76,31.
76,11. 77, 24. 20, 2. 291. 91,
10. 99, 20. 126,3. 126,3. 142,3,
146,13. 146,13. 149,13.160,13.
162,33. 164,13. 160,3, -33 9,
24. 19,13, 21,31. 22,3.33. 26,
33, 66,3, 66,13. 67,13. 71, 29.
72, 3. 3. 73, 3. 31. 76,1. 67,11.
91, 1. 100, 33. 102,11. 10313.
104, 3. 11216. 113,1. 112, 29.
129,13, 130,13. 133, 3. 10. 22.
136, 3. 144, 19. 146,1. 11. 12.
149‚25. 161,31. 16333. 161,
33. 3113 6,1. 6,33. 26,33. 26,33,
31,3. 36,3. 63,3.13, 64,3. 66,3.
69,1. 3. 71,33. 64, 12. 22. 90,13.
93, 3. 22. 120, 24. 123, 31. 124,
22. 125‚22. 126,1,11, 132,3.13.
134, 33, 144, 33. 146, 3. 33. 160,
11. 16211, 166, 2. 166, 4. 5.
3113111 11,1. 20,11. 46,13. 62,
11, 64,3. 66, 11. 66,13. 71, 9.

INDEX 2212202022.

79, 33. 61, 13, 62,13. 33. 102, 2.
106, 11. 114‚12. 116,33. 122,
29. 126,1. 130,3.134,33. 146,
29. 147,13. suorum 2631. 68,
36. 163, 20. suis 14,1. 10. 22,
12. 23, 33. 26113, 46, 31. 63,
14. 112, 4. 127, 1. 0. 2. 126, 24.
13313. 144,3.13. 14313. 31133
64, 12. 123, 3. 127, 3. 137, 13,
3333 68, 14. 92,13. 130, 11.
syllabis implere 66, 3.

16313.

tabellae inscribere 97,13.

tabulae 46, 3. 13. -3111 116,1ο,
13. 1311. -33111113113113 6,1'2.
333113113 43,13. instrumentsa
22. ΧΠ 66, 10. -13313113 4,33,
169,3. -33 16, 6. 3313333 113
publicas 12. 44, 9. 4. 461313.
19. XII 66,13. 163, 31.

tabularium 169, 3,

133313 144, 20.

1331133111313 69, 22.

133111 favoris 73, 2. -131 331111-
quere in 116,3. 133333 137,1.
-11333311311311111113 16, 3. -13
139,13.

talentum 149, 2. 162, 21.

talionem 1313333 12, 24.

13113 14431, -317,13. -13 11,1.
66, 3. 69,11. 114, 3.

tam—qum 21,19. 3131. 6226,
33. quam 64,1. 114, 9. 126,1-.
129,13. 130,13. quam 22et
136‚19. 142, 33. 166, 3. 162,13. -

13111311 1,1. 3. 6,33.33. 6,1, 10,
330. 12, 31. 16,1.13, 17,13.
19,13, 20, 9. 29. 21, 10. 20. 22,
24. 29,11. 30,13. 31, 29. 33. 36,
13. 36,13. 46,13. 49,3.13. 60,
33. 62,33. 64,33. 6111113. 64,
33 66,1. 69,..333 70,.33 76,
13. 79, 12. 62, 22. 63, 13. 66, 2.
87,.1366,.390,.391,3..196,
11. 19. 92, 21 101, 14. 20 106 9.

 

