166622 2226016611. 203

1411. 110, 66. 166, 4. eodem
1111. 111. 41, 16. 411141,
16. 1111. 61,16. 58, 6. 71, 1.
81, 11. 87,11. 96,1. 10111.
113,1. 190,11. 137,11. 148, 6.
161,61. eorundem 46,16. 197,
11. 1111111911). 56,11. 99,11.
111, 1. 144, 6. isdem 66, 61.
99,11. 134, 26. eosdem 11, 21.
193, 2. easdem 44, 4. 166, 66.
153,11.

identidem 11114.

6660 16, 66. 53, 6. 126, 4. 134,
16. 136,11. 137,1. 141,1.1.

1616< 116, 2. 149,11.

idoneo 66, 6. -6m 111111111-
liarem 41,6. personam 111111
74,11. -1113,11.98,1.

igitur 9,11. 11,64. 21,16. 2261.
24, 66. 9111. 31,1. 39, 6. 26.
44,1ο. 46, 6. 16. 47,14. 50,11.
14,41. 11,4. 56,4. 17,1.18,11.
64, 1. 14. 80, 66. 81, 4. 6216.
83, 1. 90,11. 94,11. 98, 6.
109, 1. 103,11. 105, 64. 107,1,
111, 6. 113, 6. 115,14. 126, 11.
191,11. 19311. 194, 66. 196,
14. 1331. 13111. 138, 66.
11111. 140, 66. 144,11. 141,
66. 148,11. 151,11. 158,11.
169, 6. 164, 16.

ignaros ,141,11.

ignaviae 139,11.

igni: interdictus aqua 11 191, 1.

, ignobilis 99, 4.

ignominia profligari 46, 66.
ignominiosum 19,1.

,ignorantiam litterarum 49,11.
ignoramus ,34,11. 191,15. 166,
16. 143, 11. 160,11. -1111111
141,11. -1111 149,1. -ari
141, 11.

1111119014. .

1111 13,11. 14,11. 17,11. 99,11.
91, 6. 47,11. 49,1. 11,11. 66,

109, 6. 191,11. 197, 6. 139, 1.
134,11. 168,11. 145,11. 159,
11. 151, 16. 117,11. 1111 9,11.
6,16. 8, 66. 9,1ο. 12,11. 19, 11.
6111. 70,1.11. 83,1. 84, 2.
105,14. 141,11. 159,4. 15111.
11111 8,1.1. ’16,11. 17, 1. 66.
18,66. 19,4. 91,11. 99,11. 93,
66. 98, 26. 33,11. 38,14. 41,1.
Q6Q6Q1Q6ffi
16. 69,11.14.11. 70, 4. 74, 11.
81, 66. 83, 4. 100,11. 104,11.
11. 106,11. 191,14. 133,1.
141,1. 155,11. illius 5,11. 10,
11. 19,11. 15, 1. 16, 66. 91,11.
94,11. 9111. 39,11. 3111.
53, 21. 74, 6. 83,11.11. 116, 1.
141, 11. 147,1. 149,1111. 151,
66. 1511. 1111911. 6,1. 19,
16. 13,21. 9111. 62. 31,14.
46, 6. 48,61. 49,1.50,11.14,4.
19,11. 16. 69, 6. 85,1. 6. 1111.
101,61. 110,1.6. 190,11. 198,1.
130,14. 1391. 149,11. 147,14.
157,11. 16111· illum 3,11.
4,11. 6, 21. 10, 66. 17,1. 38, 5.
9111. 119,1. 13111. 142,[66.]
11. 149,11. 159,11. 1111113,
11.19,11.98,1.1.33,1.67,1.
97,11. 113,11. 141,11. 1111
8,16. 1616. 16, 1. 16. 21,16.66.
3111. 40,11, 47,1. 68,11.
69, 14. 77, 11. 87, 6. <109,1.>
122, 6. 196,11. 13911. 134, 1.
14111. 144, 66. 159,1. 11111
11111. 137, 6. illorum 1111.
99, 11. 811, 87,11. 191111.
11111741. 11111 11,11, 18,11.
97,11. 98,11. 39,11. 51,41.
11, 6. 39, 11. 100,11. 116,11.
191,11. 199,11. 149,1.151,11.
161,11. 11911. 163,11. 11111 ·
5,11. 97, 11. 11. 99,11. 3111.
17,11. 8111. 191, 64. 141,10.
1111110111.

11. 70, 6. 71,1. 7111. 97, 66. illo adv. 13111.

 

