24

117,11. repellere 31113834.
communiente sepulchri 133,
38,-8188 adipiscendos 14811.
-888 grsdus 33, 33 313813.
-oribus 10,.4 37,11. 84.
183, 4.
11813 783. 8833. -38 783.
11811811 88, 38.
hospitium 1883.
mmmm
hostile ingenium 8, 4. -1 18-
88131888 183, 1.
1183113184. 3888811888118-
881318 1881. -313,1. 34, 31.
1311 1838. 8813. -188
1813. -ibus 13, 13 18, 3..3
8,3Ἣ8888.
1188 eooebebet 8813. 83,18.
38831111 143, 38.
huiusmodi 4, 34. 13, 31. 19, 3.
3818. 30, 3. 383. 34, 3. 43, 3.
84, 3. 7813. 783. 783888,
11. 88,3.13. 10818. 187, 1.
13833. 140, 3. 1483818831.
mn
humanitatis spectatae 137, 33.
eventus 18813. -1313 13,33.
8811.
1188381183 iudicatum 88, 33.
1188383188 rerum 31, 33. -818
, probationibus 8, 4.
1188111 satisfactione 153,e.
-lem se faeere 130,11. -11131
18, 8. -11188813831818,33.
1188111133 personarum 42, 38.
generis 183, 18. 4-13113 1888-
81818 48, 4. obsequie plenissi-
me 188,34. -13138 83131188
18, 11. personne 117,18. -1318
personne 11818.
1881111318 genus 13,20.

1381381183 (1181881488. -13-
simo: heberi pio 184, 34.

iaetantia 11813. superbiore ·

148, 18.

moun 121420441114

1381113833 83,13. -1383181
11813.
138131881113188 1883. -18181
ingenium furore 88, 3. -teu·
18113833.
1381838183. 381383184811.
138 7,18. 3,1. 10, 4. 38. 1811.
183. 1813. 8833. 30, 38. 33,
13. 3811. 48, 31. 47, 33. 31.
48, 3. 4813. 883. 84,18. 87,
888888883
8813. 84,3. 8818. 8833. 83,
18. 81, 31. 88, 3. 34, 4. 11. 38,
11. 381. 11813. 1881. 188,
33. 13818. 13811. 13818.
148, 33. 1488. 180, e. 181, 33.
1881111. 18811. 18831. 183,
33188313.

’888888188

88, 8. 100, 14. 11813. 118, 3.
11838.

ibidem 1833. 38, 3. 40,11. 73,
3. 73,13.80,3.100,11. 10833.
mn

ideireo 183338. 8833. 8813.
81883838ᾙ1
mmmmmmn
idem 83, 33. 83, 33. 87, 3. 31,
33. 3813. 71, 38. 78, 4. 33. 73,
14 8818 84,13. 10813138,
14. 103, 81 110, 11. 18. 180, 31.
183,13.188,3 1818114818.
1883184,33.164,.1 eedem

7,11. 83, 31. <88 ss.) 83, 3.
88,13. 31, 18. 8831. 8814.
113, 33. 18831. 138, 38. 133, 3.
18813. eiusdem 1813. 80,8.
28'‚1o. 34,.18 383. 71,.33 37,
11. 104, 33. 108, 33. 108, 4

11813 148 31 1481. eundem
831. 883. 80,.1813 883.
87,11. 3818, 37,1. 7833.
78,33. 883. 10818. 1181.
113, 3. 140, 1. 38. 14811883.
eandem 88, 31. 38, 33. 88, 8.
8818. 30,1. 883. 38,13. 13831.

 

