INDEX VERBORUM. 255

tribunus pl. 21, 16613616. mi- turbida: tempestas 27,1.
111616 66, 6. pl. 16 et 96, 61 61 1616616166161116161,6. -616161
124,16 61 161,61. -1 1161611134, 66161116 166, 61.

14. 66, 4. pl. 117, 66. plebi 1616616116166111161620,6161
126,6 et 146,1. pl. 148, 64 61 61, 6. 166 66. -1666611666183,
149, ro. -o pl. 20, 61. 39, 61. 16. -111111111 temporis 83,11.
61,16. 89, 66. pl. 161, 61. -um -116616166132,16. 1166161673, 66.

pl. 1619616611. -616166616- turpitudinis liniamenta 26, 1,
1161611139,61. 79,6. pl. 82,16. 16616321. -661161661616163,6.
97,4. 98,16. 106,6.122,11. -11 tutela: haberi in legitima 53,r.
aerariis <29, o.) -61 pl. 86, 6. -am 1616111 publicae 14911.
6111. etiam 11. pl. tutor 63, 6.
tribuens 14,11. -endum 6166 tutum 118, eo.

166, e. tua 7, 6. -is 144, 61.
111116612616. 136, 6664. 137,6. tyrannicam sententiam 9116.
139, 66. -bubus 160,16. tyrannidis invidia 12, 66.
tributum oonferre 43, 6. tyrannus 76,11. -616 67, e.
tricensimum 44, 6.
11166616 10316.

11166161 93, 61. —tibus 97, 66.
XXX 21,11.
trifariam dividere 31, 61.
11166 63,16.

16661 160, 6.

vaona 128, 66.

rufatus 611611166661616 86,11.

va 16 7, 61. 11, ro. 32, 11. 46, 6.
·¹ 47,16. 13266. 142,16. 144, 64.
trinundinum tempus 106, 16. 160, 66. 168,6. 166, 9.

-6 93,16. 16161 plurimum 87, 61. -661 44,
triplex 109, o. 61. -616 pro erimine 17, o.
tristis 194, o. 11. -tem 69, 6. mediocriter 64, 61. -ebit 142,

-11616 habitu 121,11. 16. -66111 19016. -61166 plu-
triumfavit13,1r.161,o. -161661 timum 39,11. 41, 16. nihil

161,16. 1611610311Ι -1616161 130, aa.

92,16. valetudo 26, e. -11611 eura 24,
triumfum potere 121, 67. 66. -1161161111626,16. -1166
1111116111 121,17. -61672,4. pedum 34, 666186, 61.
tu 11,16. 134, 66. 1610,66.11, validum 61, 6. -116111111161166

61. 12, 6. 116, 6. 93,11.-6161611161161666161486,
tueri aequitatem 31, 9. -eren- -is ratiocinationibus 80,11.

tur (partes) 83,11. 108,14. -161132,6. -16616,66. -1111616

-66166 68,16. -661661 16116- 616166161816. argumentatio

nem pudoris 31, 61.

tum: oum 114,16. 161117.
1616616111 661161 116,1.
1111162816. 61,1111. 77,11, 81,
16. 94, 6. 10316. 117, a. 129,
16. 161616 141, 66. 168, 61. 66.
turbis flagrantibus 61,11.
urbatior 76, 11.

47, 61. -issimoz aooipi pro 38,
14. -1111616 74,16.

varietate 164, 66.

varia 141, 66. 146,16. 160,16.
-66 160, 6. 162, 6. -o 99, o.
161, 5. -61161161 164,16. -6
123,11.

uatieinat'ionam 1156516-

 

