INDEX VERBORUM.

mutum forum 11212.
mutuatur exemplum 15, 22.
-etur 11121121οω621. -ante
24,18. -aius esi occasiun-
culam 148, 24. ,

mutua reiectio 122, 25. -as
reiectiones 12221. -0 12224.

nam 1,1. 21225. 211. 222.
1212. 16, 2. 21. 20, 4. 10. 21,11.
22, 8. 22. 23, 2. 12. 26, 21. 2222.
2212. 31, 2. 32, 2. 21. 33, 25.
41, 4. 4212. 622. 61,24. 622.
6211. 70, 20. 13, 25. 16, 2. 77,1.
83, 1. 84, 2. 8210. 81, 4. 89, 20.
91,15.21. 98, 10. 102, 2. 106,11.
12212. 1222. 127, 20. 12222.
1221. 1321212. 1322. 141,4.
142, 28. 144, 20. 14222. 148,
1012. 161,14. 163, 4.

namque 6212. 141,11. 142,18.
16210.

narratum 131, 12.

naba 021 (quaestio) 1212. -ius
22, 2.

natalem diem 104, e. -ium
humilitatem 12, 14. ·

nationis mos 41,12. -nem 10·
211210 praecipitem 3212. opti-
maiium 104,12. -110 1212.
67, 2. 16212. -num berbera-
1211113222.

nativitatis religio 212.

natura 160, 20. -00 asperitas
1212. religio 132, 21.

naturale 31, 8. 17, 15. nomen
101,22. 41011228.

natu maior 86, 2. maiores
1021.

navalibus copiis 110,15.

naufragio 821.

navigio 131, 12.

navigasse 147, 8.

nevis 1, 21. oneraria 22. -es
27, 4. longas 10210. -ium
108,8.15.

219

ne 2, 22. 3,12. 4,12. 7,(1.)
2122. 10,21. 16, 2. (1212.)
124. 1212. 20, 24. 23, 8. (24,
15.) 26, 2. 12. 21, 2. 28, 2. 2. 20.
Ἀ2η22ἢ122
&mstussmffium
22. 6220. 725. 7212. 77, 22.
80, 2. 14. 820. 15. 83, 22. 84, 8.
90, 2. 9215. 96, 15. 10212.
1022. 1021212. 10212. 109,
10. 112, 8. 114, 4. 116, e. 118,
22. 11212. 121,25.20.21. 1222.
12212. 130, 2. 131, 12. 21.
137, 2. 139, 2. 12. 141, 12. 146,
2. 21. 149, 5. 164, 22. 166, 11.
158, 2. 169, 28. 28. 162, 12.

100 7, 2. 12. 8, 2. 9, 25. 10, 20. 24.
11,18. 12, 12. 17,18. 28, 21. 82.
33, 22. 3221. 3212. 4221. 43,
12. 44, 22. 62, 22. 63, 2. 67, 4.
mffiQOQmmm
74, 20. 77,12. 8222. 8212. 922.
31, 12. 925. 111, 2. 11212.
11222. 118, 22. 121, 15. 124,
21. 12210. 12220. 12210.
130, 11. 13222. 184, 2. 1322.
142112. 14220. 147, 25. 148,
5. 18. 163, 24. 154, 12. 15212.
16224. neo—nec 4222.
9212. 12. 164 25. 25. 28. neque
44, 8. 122, 22. 166, 15. neque—
neque 52, 8. 2. 127, 20. (20.)
140, 2. 166, 2. 169, 2. 2.

necessaria 1221. 2214. 76, 28.
826. 110, 2. 136,11. -um 44,
11. 5212. 82, e. 155, 5. -am
11212. -0 6, 22. 210. 6212.
1212. 8212. 8222. 1021.
129, 12. 130, s.

necessitas mentiendi 3212.
-1210 iemporis 19, 22. 011261-
11212 46, 25. fidei 60, 20. officii
61, 2. 118, 24.

necessitudinem 60, 22. -ne de-
8115 61,18.

necatum 1224. -ss 12.,21.

 

