100

-0106 106, a. -avit 25,21.
116, 0. -070116 innocentiam
17, 11. -atum esse 148,17.
purpuratum 92, 7.

puto 36,11. 161,17. -00 13, 6.
-006 109,11. -et 11,11. -aret
117,10. -071131,0. -0716
47, 10. 133, 4. 141,0. -averit
21, 00. -010601 10610 0010
133, 6.

puteal 87, 4.

quadringena 22,14. -is 2011.

quadringenta 108,11.

quaerenti 17,10. -rentibus 11, 4.
-sieris 23, 0. -01000 de Cassio
16,10. -1010601 710 caede 26,
10 et 61,10. extra ordinem 70,
7 et 21 et 22. de 10010010 71, a.
ad mortem 92,11. severissime
in candidatos 126,11. -10100-

60110 atre 129, 0. -10071010
710 0001010610οθ 16,14. -01600
016 46,14. -0160 sunt 116, 0.

quaesitor 122,14. -em 73,11.
0016160 facere 11010. -00
123,1. -ibus 122,11.

quaestionis nihil decernere 67,
16. -nem: petere in 1010

00000601 84,14. -10 126,11.
1600. -em 22,17. 2301. 86, a.
*-0 116,10. -00 3,10. 23,17.

000006011οι fungi potestate
Qu

quaestura fungi 126,10. 141,10.
14010. -00 37,10. honor 114,
1114117.

000110 69,10. 149, 17. 162,4.
-00188,10.

qualitate vehiculorum 4, 7.
-ibus verborum 6010. ani-
0101010167,16.

000102,17. 4,10. 8,11.00. 0000011.
20,1. tam 21,10. 01100 24,11.
1014. 01100 26,10 01 30,11. 33,
10. 36,14. 3017. 38,14. 46,10.

INDEX VERBORUM.

staQaQuamm
60101 66,0. 69, 7. 24. 60, 0. 16.
e. superi. 74, 7. 76, 2. 79,10.
80,10. 10. 811010. 01610 83,
16. 6001 84,1. 86,14.16. 87, 0.
88,14. 901010. 96,11. 98, 22.
99, a 101, 0. 00701017. 10422.
106,14. 0060 1610. 000610
109, e. 116, a. 0. 10. 119, a. 12.
ante 120,10 0110. 122,0. 123,
00.126,1. 126, 21. 6011113017.
131, 10. 132, 01. 13410. eontra
20. 13414014. 185,4.2.1o. tam
136,10. 137,10. 13010. 141,10.
142, <7.>17. 14010. 146, 12.
149,10. 161,10. 164,10. 166,
ala. 167,4. 11. 168,10. 0. superi.
100, 4. 1011110.

0001117110 126,14.

quamvis 1,s. 6,10. 12,10.16,7.
21, 16. 34, 22. 66, 2. 7. 7016.
7011. 83,10. 67,16. 91,0. 94,0.
101, a. 114, a. 116,16. 124, 2.
149, 10. 162, 0.

quando 17,0 37, 01. 46, 10 49,
16. 61,.14 66,1. 660. 76,6.
130,.4 133,10. 137,0. 138,
17. 139, 4. 24 143, 10. 147,14.
162, 14.

quandoquidem 61, 10. 68,10.
94,10.

quantitas oneris 1,11. -tata
damnorum 133, 6.

quanta 90,10. -011 14,14. in
38, 0. a 101, 11 uu. 104, 24.
138,o. 139,16. 10 143, 17. tan-
tum-quantum 47, 7. 133, 0.
16011. -066,0.161,11. tanto
-quanto 1, 0. -1013,14.
quapropter 169,10.

00010 41,10. 136,16.
00001010. 6,10. 6,10. 8,01. 9,
10. 13,11. 16,16.10.18,7.19,11.
201010. 24, 0. 10. 26,οι. 33,6.
34, a 36,17. 40,7. 47, 22. 63,7.
6410. 67,0. 66,10. 70,10. 73,1.

 

