INDEX VERBORUM.

166, 1. 1111. 111, 11. 114, 1.
116,1.6. 16061. 121114. 124,
1. r. 16. 16611. 16616. 169, 6.
11. 142,1. 14611. 14416. 146,
11. 14716. 1411614611. 166,1.
166, 15. rien, 1. 164, s.
tantopere 118,14. 146,11.
tantummodo 122,11. 126,1.
tantum 1, <6.> 16. non-
verum 6116111111. non-sed
12,6. 11611-1616111 etiam 34, 19
61 39,16. 41,16. 46,16. 1166-
sedetiam 66,16. non—sed 81,
11. non-verum 6116619111
61916. 11611-6666116111101,6.
non-rorum etiam 106,9 61
116,146112816. 141,1. non-
verumetiam 161661 153,s.

161116 48, 66. -tum-quantum
41, 6. 661. inquantum -in
96,1. 99,16. 136, 6. 14616.
666616111160,16. -166 4,11.
-16-11661116 1,1. 18, 1. 30, 6.
-1611130,11. 123,11. -11614,11.
tarditatem 23, 9.

taurinum sanguinem haurire
110, 6.

1616116 pecuniae 27, 16.

1616 61,11.

...1611161,16.
166161611611126,19.

16111616 144,1. 169,11.
temeritas praeceps 41,16. -16116
perditissimae 16416. 11116.
-tate inpudentiae 1411.
16111161 40,6. -616161461, eid.
etiam tempto.

temperamentum interponere
161111612616. -16 66666111661-
mo 90,6. modestiae 1461.
temperat acerbitatem 116,14.
-avit 03, e. 130, e.

tempestas 21,e. -tatis 2,11.
templum 1,16. -1 1,11. 106, e.
-o 100,11. 146, 6.

253

temptat 90,11. --6111 131, 6.
-61616130116166116161611116,
tempus 6, 6. e, 18,11. 19,4. 21,
66. 22,16. 40,16. 44,1.11. 79,1.
104,11. 106,16. 11611. 121,
11. 136,11. 141,1. -6116 8,16.
19,16.16. 2616. 861611. 69, r.
91, 6. 101, 6. 138, 6. -616 8,11.
166. 26611. 30,11. 61,16.
66, 11. 161. rep. 161, aaa.
96,11. 96,1. 111 61116. 100,11.
103,11⁸ 1111. 110,11. 1121.
11416. 134, 6. 169, e. -ora 11,
11. 100,16. 6161118619. 162,
16. -oribus <9,16.> 1616666.
116,11. 100,11. 116,11. 131,16.
162, 6, 163,1.11.
teneatur conclusa propositio
7,1. -616161 caedes in con-
1666671,1.
teneriorem pueritiam 86,11.
tenui argumento 16,1, -6111
probationem 140,e. -iter 16616
responsio 61116.
1611611166 94,14.
16116 36, 6. 01,11. -16120,6.
16111166 40,16.
16116116 61,11. -161,16.
tertius 20,16. 96,16. -6 34,11.
16611. -6 60,11. 62,11. -nm
44,1. 61,16. -o ado. 91,16.
testamentum signare 80, 16.
-6 80, 11.
testificatione 66,11.
testificatam 166,16. -ando 21,11.
142,16. -6166 661 162, 1.
testimonium divinum 2, 6. di-
66166661116114. rogeri 6,
61. 11,16. 1116616 2146121116.
61, e. 11. provocari ad 41,1.
42,16. dicere 46,1 614611 et
14. 49,1. 60,1ο. refutare 11.
dicere 51,1. adicere 60, 16.
(1166166614. 114, a. dicere
11411 et 116, 1. pertimere
iao,4dier ,6. 116166- 61161

 

