INDEX VERBORUM.

24, 4. e. 01661. 136,1. -utus
est 40,11. vetuste 119,11. -uti
sumus 91, 16. 119,11. -111111
152,11. -11101 90, 9.

*106 81, 8.

lucrum privatum 28, 6. -i 15,
24. -031,9.46,11.
luctuoso habitu 12811.
ludendi 163, 8.

ludorum 28, 21. 100,11. -11 99,
11. -0699,11.141,11.
lugere 51, 4. -6111111111 maeror
142, 21.

lugubri habitu 102,11. 16616
122,1. -om foitnnam 9611.
111616 poenam oriminis 21111.
luxuria 54,10. -16 apparatus
5,·11. -111131,1. 54,1.

machinis pendulis 129, 4.
maculari 1211.
maculoso corpore 101, 8.
1111610190,11. lugentium149,28.
magis 1,2111. 2,1. quo 3,1
et 5,11. 8,11.10. quo 2,4
113011. 32,11, 33, 4. quo 12
1111. 35,11. 36,10. 31,11.
quo 42, 9. 45,11. 41,11. 52,11.
quo 03, 22. 65,10. 582. 51,19.
58,11, 59,1. 60,9. 6111. 15,1.
11,11. 21. 90, s. 28. 81,11. 28.
quo 84,22. 86,11. quo 22. 81,9.
88111. 90,10, 9811. quo 100,
10. 101, 1. 105,1. 115,11. quo
1111. 131,19. quo 1111111.
1421. 145,19. 146,11. 148,1.
quo 151, 5. 151,1. 11. 158,11.
maxime 4, 21. 28,11. 161301
91 32,1. oum 38,11. 45,10.
5211. 161 56, 9. 61,1. 68111.
82,1. 83,11. 161 90,11 et
96,10. 101, 8. oum 105,19.
1011. eum 1111. 1111111.
138,1 et 26 91 139,11. 14111.
146, 20. vel 151,10 11 159,11
et 10. cnm 161,11“.

215

magistrum 141,1.
magistratus 119,10.140,1. 142,
12. 150, 4. -1116,11. -um 105,
11. -1121,9. ·11111116,1. pe-
titio 9,10. 31,11. 38,11. 156,
11. -ibns 31,11. senatoriis
111, 1.
magnitudinem beneficiorum
5411. 6111111111.
magna 1,11. 13, 4. 20,9. 4219.
114, 11. 111, 11. -um 81, 1.
118,19. -ae 34,1. -0 54,11.
151,11. -am 2,11.91,11. 105,
21. 15511. -is 45, 24. 140,11.
142,11. maior 1,1. 2,11. 21,
1o. 3211. 86, 9. -us 119,1.
-01611160,19. -ore 11,1o. 12,
11. 15,14. 39, 2. 61, 28. 16911.
-ores 108,11. -011 105,1.
-011111112,11. 26,11. 13,1. 163,
10. -oribus 142,11. -ximiz
pontificis 20191 26,11. 61,
11. 143,11. -ximae 14, s.
-ximo 81,10.110,11. -ximam
124,11. 149,12. -ximornm
13,1. -11111101 36,11. 41,11.
-xime 0111111316.
maiestatis publicae 42,11, -tem
regiam 24,12. consulis 118,
11. -1613,11.
maledica insectatione 12,11.
-11 vocibus 22, 24.
maledictorum 31, 11.
malevolentiae 62,11. 121,11.
-1111128,19.
maligno 121, 9.
malitiosi 138,1. -am orimi-
nationem 44,11. -16 frandi-
11111141,1. 0
maluit 61111. 11, 12. 104, 11.
1111. 132, 9, 165,1. -uerit
90,11. 149,19. -uisse 131,19.
149,6. 155,10. 156,1. -uisset
126,1. 111, 11.
1111115911. -1 facinoris 1,1.
-16 51,11. -0 98511. -om

 

