INDEX VERBORUM. 239

402. 5021. 151,5. 19,12. 8012.
2221. 95, 24. 9014, 121, 22.
1205. 132,21. 134,14.131,1.1.
quia 25, 9. 9. 11. 94, 252. 58, 21.

22. 131, 12. 160, 24.

quicumque 2015. quem· 2, 12.

211151128024.
quidam 91,4. 109,11. 116,12.

120, 12. 122, 25. 1201. quaer
121112,12.12,11.2612 28 24.
3014. 1002. 104,2. 1301222.
135, 22. 21. 145,12. 152,11.
quoddam 2,2. 1,21. 201235,
22. 13,4. 1012. 81,21.149,12.
cuiusdam 29,1. 53, 2. 13, 2.
102,2. 2111112111 143,14. quen-
(12111182. 2012. 3022. 54,12,
quandam 5, 22. 19, 9ο. 44, 29.
5022. 58,25. 51,1. 91,11. 95,2.
12015. 13021. 1302414025.
15014. quodam 10, 99. 14, 22.
34,1. 402. 8012. 91,1. 104,12.
12011. 14014. (111212211012.
32,1. 35,2. 3022. 38,22. 404.
48,1. 18,22. 8012. 101,2. 121,1.
131, 25. 141, 24. 148,15. quo-
rundum 134, 29. 140, 15. qui-
busdam 15, 99. 1015. 18015.
quosdam 8025. 909. 104,12.

13014. 134,21. 135,12. quus-
dam 41, 14. 95, 22.

quidem 5,25.12,11. 14,22. 19, 2.
2111111112 21,1. 21, 22. 29, 9.
302. 22 primo 22. 31,22. 38,5.
49,2. 2211111112 61,12. 2111112110
10222, 2211111112 11,12. 14,12.
ωηωκπ2ἣ2ψ,
9. 99. 101, 12. 115,1. 120, 22.
12024. 130,22. 1312213012.

153, 12. 159, 15.

quietissima 21,11.
quin immo 21,11 21 13212.
quonum 62, 2.

quinquaginta 12, 8.

quinquo 21, 22, 2012. 89, 2.

13112. .

XXV 21, 2.

quipp91,91. 2022. 31,1. 5012.
59, 21. 8011. 8014. 104. 11,
19. 81,1. 83,99. 81, 21. 88, 99.
102,11.121,12. 12012. 12112.
139, 22. 141, 9. 152,1. 159, 9.
1604.

quis: 112 25,12 21 82,15 21
158, 9. quid: 9i11‚19. 11,12.
29, 11. 3012, ne 42,12.11. no
Qmffimuwmmfflffl
65,1. ne 802. 8012. 108, 94.
101,1. 112110213021. 1342.
22. 94. 131, 12. si 14012. 112
&mmmmm
quisquam 52, 2ο.

quaequae 6, 21. quidquid 5022.
188, 2. 141, 9. quoquo modo
29‚199969,19.

quivis 53, 94.

quo 25, 21.

quo magis 5, 21 21 9,4. 2. 2222-
par. 15, 22 21 11, 1. 22 2015.
vel maxime 304. magis 11 21
33,12. 22 22. magis 99. 39, 1.
magis 49, 9. 12111121402. 1112-
gis 53, 22 21 84, 22 21 86, 22. c.
compar. 95, 9. 10012. 128,
12.11.1112312132,1.131,12.
magis 1201121512.

quoad 52,12.

quod 2211241212. 3,.222.
4,.46,2.8,.29,.242210,2.222.
11, 99. 19, 22. 14,11. 16, 2. 12.
222122. 11,2. 18,12. 222.
23, 22. 24, 2. 25,12. 2012. 21,
21. 28, 25. 2022122. 31,2.
32, 2. 12. 33,12. 31, 22. 22. 38,
22. 4021222. 41, 14. 42, 25.
44, 11,12. 2122. 45,1. 41,11.
53, 2. 55, 2. 56,12. 58,12. 62,
12. 66, 21. 01, 22. 601211. 15,
2. 22. 10, 9. 10212. 80122.
82, 25. 8012. *84,11. 94. 81, 2.

9011. 91,11. 92, 22. 94,12. 91,
5. 9. 9021. uuum. xum.

 

