230 INDEX VERBORUM.

portiunculas 2211112 1222.
portus 199, 8.
posoebot 6218. -2121 8318.

possessionis 721. -22 24, 22.

possederit 63, 2.

potest 212. 1228. 11, 22. 29, 2.
22, 2. 41,12. 114,12. 1324. 22.
14212. -sumus 16, 21. 67, 8.
-sunt 8, 4. 622. 76, 12. 127, 22.
-212 48, 2. 114, 2. -sit 17, 24.
31, 2. 48, 22. 822 96,.2 117,
181222 1321216214.

-sint 2218. 29,21. 421244,

12. 4212. 1222. 141,1. -se
428. 64, 18. 68, 18. 137,8 8162,
12. -2121 222. 3211. 6222.
61, 2. 622. 64,12. 7222822.
9212. 96, 12. 199, 2. 118, 2.
129, 22. 132, 2. 148, 2. 169, 2.
16224. 1628. -2121111211,
184, 2. -221 8, 21. 1222. 14,
1212. 22, 22. 222. 62, 22. 71,
12. 79, 2. 8212. 87, 14. 1928.
11212. 11222. 12222. 1222.
129, 121- 139, 21. 197, 22. 149, 2.
16212. 1622. -sent 47, 2.
117, 24. 134, 12. 1422. 147, 22.
16212. -uit 1212. 61, 22.
82, 22. 121, 22. 144,12. 164, 21.
-uimus 13221. -uerit 1,12.
17, 12. 2212. 36, 22. 22. 3212.
41, 22. 67, 28. 76, 2. 7212. 91,

117,11. 1222. 1324. 146, 12.
163, 22. 1621. 162, 2. 2.

post 222. 2222. 61,2. deindo
77,12. non its multo 11212.
182, o.

postes 19, 1. 4. 27, 2. 2222.
324. 6212. 621. 61, 22. 71,
21. 722. 8212. 191, 12. 193,
24. 19214. 11212. 1124.
12218. 121, 12. 22. 126, 12.
122, 2. 182, 12. 121, 11.
posteritatem: exemplum pro-
22211 111 96, 2.

posterum: in 122. -1212 1622.
postquem 4,1s. 22. 8221.
postremo: constituere in 64,1o.
postulabat 6221. 16212. -2121
79, 2. 12222. 133, 2. -ssent
68,12. 2211222. -2222 19,
12. 222. -sverat deosrni 121,
22. -antur 1211222. -2122
sunt in tormenta 28, 22. -stus
21211222 114,22.

poten... 61,12.

potentes 8212. -issimus 139,
24. -issimo 21, 2. -issimum
43,1. -issime 13228.
potentatu 116, 22.

potentis 2212. 6212. 6212.
-22 vis 67, 14. sublimitas
131,1. 21113212. 67,2. 12212.
potestas summe iudicandi 228.

11. 149, 2. 16212. -uorint -tstis regiae spiritus 19, 22.

44, 4. 128, 24. -21822 122.
2212. 32, 2. 4212. 47, 28. 69,
28. 622. 132112. 14222.
141, 12. 144, 22. 148, 1. 8. 169,

officium 87,14. -1212111 221-
ipisoi 23, 22. faeere 6212.
permittere 12 et 73, 2. -tsts
fungi 21, 12. 46, 22. deposita

22. -usrst 1322. -uisset 61,12. ,66,12. 11212. fungi

66, 2. 7212. 131, 12. 134, 22.

post (praep.) 11222 1,11 et 218.
16, 22. 29,14. hese 21,2 et
26, 24. 31,22. 11222 3222.
36, s. 11222 37, 2. 41, 2. 44, 2.
6224. 61, 8. haee 6212. 68,
mmeQOQm
6222 19212. 193, 22. 114, 21.

132, 22. -12121 regias 31, 22.
potius 6, 2. 46, 24. 8212. 90,
22. 196, 22. 12222. 141, 28.
1422. 16212. -12211112111 2
22. 812. 31,.12 34,2. 6212
622 622 77 22 118 21
122812222. 12222. 12122

 

